1	49
2	48
3	47
4	46
5	45
6	44
7	45
8	46
9	45
10	44
11	43
12	42
13	41
14	40
15	39
16	38
17	37
18	36
19	35
20	34
21	33
22	32
23	31
24	30
25	29
26	28
27	27
28	26
29	27
30	26
31	25
32	24
33	23
34	24
35	23
36	22
37	23
38	22
39	21
40	22
41	21
42	20
43	21
44	20
45	21
46	20
47	21
48	20
49	19
50	18
51	19
52	20
53	19
54	20
55	21
56	20
57	21
58	20
59	19
60	20
61	21
62	22
63	21
64	22
65	21
66	20
67	21
68	22
69	21
70	20
71	19
72	20
73	21
74	20
75	21
76	20
77	19
78	20
79	19
80	20
81	21
82	20
83	21
84	20
85	21
86	20
87	21
88	20
89	21
90	20
91	21
92	22
93	21
94	22
95	21
96	20
97	19
98	20
99	21
100	20
101	19
102	20
103	21
104	20
105	19
106	20
107	21
108	22
109	21
110	20
111	21
112	21
113	20
114	21
115	21
116	20
117	21
118	21
119	20
120	21
121	21
122	20
123	21
124	21
125	20
126	19
127	20
128	21
129	20
130	19
131	18
132	19
133	20
134	19
135	20
136	21
137	22
138	23
139	24
140	24
141	23
142	22
143	23
144	23
145	23
146	23
147	24
148	23
149	23
150	23
151	23
152	23
153	23
154	23
155	23
156	22
157	21
158	20
159	21
160	21
161	20
162	21
163	21
164	20
165	21
166	21
167	20
168	19
169	20
170	19
171	20
172	19
173	18
174	19
175	20
176	21
177	21
178	21
179	20
180	21
181	22
182	22
183	21
184	21
185	20
186	19
187	20
188	21
189	21
190	21
191	20
192	21
193	21
194	21
195	20
196	21
197	21
198	20
199	21
200	21
201	20
202	21
203	20
204	19
205	18
206	19
207	18
208	19
209	20
210	19
211	20
212	21
213	21
214	21
215	22
216	23
217	23
218	23
219	23
220	23
221	24
222	24
223	24
224	24
225	24
226	24
227	23
228	22
229	21
230	20
231	21
232	22
233	22
234	22
235	21
236	20
237	21
238	21
239	20
240	21
241	20
242	21
243	21
244	21
245	22
246	21
247	21
248	20
249	21
250	21
251	20
252	21
253	22
254	22
255	22
256	21
257	20
258	21
259	21
260	20
261	21
262	20
263	21
264	21
265	21
266	20
267	21
268	21
269	20
270	21
271	20
272	21
273	21
274	22
275	22
276	22
277	21
278	20
279	21
280	21
281	20
282	19
283	20
284	21
285	22
286	21
287	21
288	21
289	20
290	21
291	20
292	21
293	21
294	22
295	22
296	22
297	23
298	23
299	23
300	22
301	21
302	20
303	21
304	21
305	20
306	21
307	20
308	21
309	21
310	22
311	22
312	22
313	21
314	20
315	21
316	22
317	22
318	22
319	21
320	20
321	19
322	20
323	21
324	20
325	21
326	21
327	22
328	22
329	23
330	23
331	23
332	23
333	22
334	23
335	23
336	22
337	21
338	20
339	21
340	21
341	20
342	21
343	21
344	22
345	22
346	21
347	20
348	21
349	21
350	20
351	21
352	21
353	20
354	21
355	20
356	21
357	20
358	21
359	21
360	21
361	21
362	20
363	21
364	21
365	20
366	21
367	21
368	20
369	19
370	20
371	21
372	21
373	21
374	20
375	21
376	21
377	20
378	21
379	21
380	20
381	21
382	22
383	22
384	21
385	20
386	19
387	20
388	19
389	20
390	19
391	20
392	21
393	22
394	21
395	20
396	21
397	20
398	21
399	21
400	21
401	21
402	21
403	20
404	21
405	21
406	21
407	21
408	20
409	21
410	21
411	21
412	21
413	20
414	21
415	21
416	22
417	22
418	21
419	20
420	19
421	20
422	21
423	22
424	21
425	22
426	21
427	21
428	20
429	21
430	20
431	21
432	22
433	21
434	22
435	22
436	22
437	21
438	20
439	21
440	21
441	21
442	21
443	20
444	21
445	21
446	20
447	21
448	21
449	21
450	21
451	22
452	23
453	23
454	23
455	23
456	22
457	21
458	22
459	22
460	21
461	20
462	21
463	21
464	20
465	21
466	22
467	21
468	21
469	21
470	20
471	19
472	20
473	19
474	20
475	21
476	21
477	21
478	21
479	20
480	21
481	20
482	21
483	22
484	22
485	23
486	23
487	23
488	23
489	22
490	21
491	20
492	21
493	21
494	20
495	21
496	21
497	22
498	21
499	21
500	20
501	21
502	21
503	20
504	21
505	22
506	23
507	23
508	22
509	23
510	23
511	22
512	22
513	22
514	21
515	20
516	19
517	20
518	21
519	21
520	21
521	22
522	22
523	23
524	23
525	22
526	21
527	20
528	21
529	21
530	20
531	21
532	21
533	20
534	21
535	21
536	20
537	21
538	21
539	20
540	21
541	21
542	20
543	21
544	22
545	22
546	22
547	21
548	22
549	22
550	21
551	20
552	21
553	22
554	22
555	22
556	21
557	22
558	22
559	21
560	20
561	21
562	21
563	20
564	21
565	21
566	22
567	22
568	21
569	20
570	21
571	21
572	20
573	21
574	21
575	20
576	21
577	21
578	22
579	22
580	23
581	23
582	22
583	21
584	20
585	21
586	21
587	22
588	23
589	22
590	22
591	22
592	21
593	20
594	19
595	20
596	19
597	20
598	21
599	21
600	22
601	23
602	22
603	22
604	22
605	22
606	22
607	21
608	20
609	21
610	21
611	20
612	21
613	21
614	20
615	21
616	21
617	20
618	21
619	22
620	22
621	22
622	21
623	20
624	19
625	20
626	21
627	21
628	21
629	20
630	21
631	21
632	20
633	21
634	21
635	20
636	21
637	20
638	21
639	22
640	22
641	22
642	22
643	21
644	20
645	21
646	21
647	20
648	19
649	20
650	21
651	22
652	23
653	23
654	24
655	25
656	25
657	26
658	26
659	26
660	25
661	26
662	26
663	26
664	26
665	27
666	27
667	27
668	26
669	25
670	26
671	27
672	27
673	28
674	28
675	28
676	27
677	26
678	25
679	24
680	23
681	22
682	23
683	23
684	22
685	23
686	22
687	21
688	20
689	21
690	21
691	22
692	22
693	21
694	21
695	20
696	21
697	21
698	20
699	21
700	21
701	20
702	21
703	21
704	22
705	21
706	20
707	21
708	21
709	21
710	20
711	21
712	21
713	20
714	21
715	21
716	22
717	22
718	21
719	20
720	21
721	21
722	22
723	21
724	21
725	20
726	21
727	21
728	20
729	21
730	22
731	23
732	23
733	23
734	22
735	22
736	23
737	23
738	22
739	23
740	23
741	22
742	21
743	20
744	19
745	20
746	21
747	21
748	21
749	20
750	19
751	20
752	21
753	21
754	21
755	20
756	19
757	20
758	21
759	21
760	21
761	20
762	21
763	21
764	20
765	21
766	21
767	22
768	22
769	21
770	22
771	21
772	21
773	22
774	22
775	23
776	24
777	23
778	22
779	22
780	22
781	23
782	23
783	22
784	23
785	23
786	22
787	21
788	22
789	22
790	21
791	20
792	21
793	21
794	20
795	21
796	20
797	21
798	21
799	21
800	20
801	21
802	22
803	21
804	22
805	22
806	22
807	22
808	21
809	20
810	21
811	21
812	20
813	21
814	21
815	20
816	21
817	21
818	20
819	21
820	21
821	20
822	19
823	18
824	19
825	20
826	21
827	20
828	19
829	18
830	19
831	20
832	21
833	21
834	21
835	22
836	23
837	24
838	25
839	25
840	26
841	27
842	27
843	27
844	27
845	27
846	27
847	27
848	28
849	29
850	30
851	30
852	30
853	30
854	30
855	30
856	30
857	29
858	28
859	27
860	26
861	25
862	24
863	23
864	22
865	21
866	20
867	21
868	20
869	19
870	20
871	19
872	20
873	21
874	21
875	20
876	21
877	21
878	21
879	21
880	22
881	22
882	23
883	22
884	22
885	22
886	21
887	20
888	21
889	21
890	22
891	22
892	21
893	22
894	21
895	21
896	20
897	21
898	21
899	20
900	21
901	20
902	21
903	21
904	20
905	21
906	21
907	21
908	20
909	21
910	21
911	20
912	21
913	20
914	19
915	20
916	21
917	21
918	21
919	20
920	21
921	22
922	22
923	23
924	23
925	23
926	23
927	22
928	21
929	20
930	21
931	20
932	19
933	20
934	21
935	21
936	21
937	22
938	22
939	21
940	21
941	20
942	21
943	20
944	21
945	22
946	22
947	22
948	22
949	21
950	20
951	21
952	20
953	19
954	18
955	17
956	18
957	19
958	20
959	21
960	21
961	20
962	21
963	21
964	21
965	21
966	21
967	21
968	20
969	21
970	21
971	20
972	21
973	21
974	20
975	21
976	20
977	21
978	21
979	21
980	20
981	21
982	21
983	20
984	21
985	21
986	20
987	21
988	20
989	21
990	20
991	21
992	20
993	21
994	21
995	21
996	21
997	21
998	20
999	21
1000	21
1001	20
1002	21
1003	21
1004	20
1005	21
1006	22
1007	22
1008	23
1009	24
1010	25
1011	25
1012	25
1013	25
1014	25
1015	24
1016	23
1017	22
1018	21
1019	20
1020	19
1021	20
1022	21
1023	21
1024	21
1025	20
1026	21
1027	20
1028	19
1029	20
1030	21
1031	20
1032	21
1033	21
1034	21
1035	21
1036	21
1037	20
1038	21
1039	20
1040	21
1041	21
1042	21
1043	22
1044	23
1045	23
1046	23
1047	22
1048	21
1049	20
1050	21
1051	21
1052	20
1053	21
1054	21
1055	20
1056	19
1057	20
1058	21
1059	20
1060	21
1061	21
1062	21
1063	21
1064	22
1065	22
1066	21
1067	20
1068	19
1069	20
1070	21
1071	21
1072	21
1073	20
1074	19
1075	20
1076	21
1077	21
1078	21
1079	20
1080	21
1081	21
1082	20
1083	21
1084	21
1085	20
1086	21
1087	21
1088	20
1089	21
1090	20
1091	21
1092	20
1093	21
1094	21
1095	21
1096	21
1097	22
1098	22
1099	23
1100	24
1101	24
1102	24
1103	25
1104	26
1105	26
1106	26
1107	25
1108	24
1109	23
1110	22
1111	21
1112	20
1113	21
1114	22
1115	22
1116	23
1117	23
1118	24
1119	24
1120	25
1121	25
1122	26
1123	26
1124	26
1125	25
1126	24
1127	23
1128	22
1129	21
1130	20
1131	21
1132	21
1133	20
1134	21
1135	22
1136	22
1137	22
1138	21
1139	20
1140	21
1141	21
1142	22
1143	23
1144	23
1145	22
1146	22
1147	21
1148	20
1149	21
1150	21
1151	20
1152	21
1153	21
1154	20
1155	21
1156	21
1157	20
1158	21
1159	20
1160	21
1161	21
1162	21
1163	22
1164	22
1165	21
1166	22
1167	22
1168	23
1169	22
1170	22
1171	21
1172	20
1173	19
1174	20
1175	19
1176	20
1177	21
1178	21
1179	22
1180	22
1181	22
1182	22
1183	21
1184	22
1185	22
1186	21
1187	20
1188	21
1189	21
1190	22
1191	22
1192	21
1193	20
1194	19
1195	18
1196	17
1197	18
1198	19
1199	20
1200	21
1201	22
1202	22
1203	22
1204	22
1205	22
1206	21
1207	21
1208	22
1209	21
1210	21
1211	22
1212	22
1213	21
1214	20
1215	19
1216	20
1217	21
1218	21
1219	21
1220	20
1221	19
1222	18
1223	19
1224	20
1225	19
1226	20
1227	21
1228	22
1229	22
1230	22
1231	23
1232	22
1233	21
1234	21
1235	22
1236	22
1237	22
1238	22
1239	22
1240	21
1241	20
1242	19
1243	20
1244	21
1245	21
1246	21
1247	22
1248	22
1249	23
1250	24
1251	24
1252	25
1253	25
1254	25
1255	24
1256	23
1257	24
1258	24
1259	23
1260	22
1261	21
1262	22
1263	22
1264	21
1265	20
1266	21
1267	21
1268	20
1269	21
1270	21
1271	22
1272	22
1273	21
1274	20
1275	19
1276	20
1277	21
1278	21
1279	22
1280	22
1281	22
1282	21
1283	20
1284	19
1285	20
1286	21
1287	21
1288	21
1289	20
1290	21
1291	21
1292	20
1293	19
1294	20
1295	21
1296	21
1297	21
1298	20
1299	19
1300	20
1301	21
1302	22
1303	22
1304	22
1305	22
1306	21
1307	20
1308	19
1309	20
1310	21
1311	20
1312	21
1313	20
1314	21
1315	21
1316	22
1317	22
1318	22
1319	22
1320	23
1321	22
1322	23
1323	23
1324	23
1325	23
1326	22
1327	21
1328	20
1329	21
1330	21
1331	20
1332	21
1333	21
1334	20
1335	21
1336	21
1337	20
1338	21
1339	21
1340	20
1341	21
1342	21
1343	20
1344	19
1345	20
1346	19
1347	20
1348	21
1349	22
1350	23
1351	22
1352	22
1353	23
1354	23
1355	23
1356	23
1357	23
1358	22
1359	23
1360	22
1361	22
1362	22
1363	21
1364	20
1365	21
1366	21
1367	20
1368	21
1369	22
1370	22
1371	22
1372	21
1373	20
1374	21
1375	21
1376	20
1377	21
1378	21
1379	20
1380	21
1381	21
1382	20
1383	21
1384	21
1385	20
1386	21
1387	21
1388	20
1389	21
1390	21
1391	20
1392	21
1393	20
1394	19
1395	20
1396	21
1397	21
1398	21
1399	22
1400	23
1401	24
1402	24
1403	23
1404	22
1405	22
1406	22
1407	21
1408	22
1409	22
1410	22
1411	21
1412	20
1413	21
1414	20
1415	21
1416	20
1417	19
1418	20
1419	21
1420	21
1421	20
1422	21
1423	20
1424	21
1425	21
1426	22
1427	23
1428	24
1429	24
1430	24
1431	24
1432	24
1433	23
1434	24
1435	24
1436	24
1437	24
1438	24
1439	23
1440	22
1441	23
1442	23
1443	22
1444	21
1445	22
1446	23
1447	24
1448	24
1449	24
1450	24
1451	23
1452	24
1453	24
1454	23
1455	22
1456	21
1457	20
1458	21
1459	21
1460	20
1461	19
1462	20
1463	21
1464	22
1465	23
1466	23
1467	24
1468	24
1469	24
1470	24
1471	24
1472	23
1473	22
1474	21
1475	20
1476	21
1477	20
1478	19
1479	20
1480	21
1481	21
1482	21
1483	22
1484	22
1485	21
1486	21
1487	22
1488	21
1489	21
1490	20
1491	21
1492	21
1493	20
1494	21
1495	20
1496	19
1497	20
1498	21
1499	21
1500	22
1501	22
1502	22
1503	21
1504	21
1505	20
1506	19
1507	20
1508	21
1509	20
1510	21
1511	21
1512	21
1513	21
1514	20
1515	19
1516	20
1517	21
1518	21
1519	20
1520	21
1521	21
1522	21
1523	20
1524	21
1525	21
1526	20
1527	21
1528	21
1529	20
1530	19
1531	18
1532	17
1533	16
1534	17
1535	18
1536	19
1537	18
1538	17
1539	16
1540	15
1541	16
1542	15
1543	16
1544	17
1545	18
1546	19
1547	18
1548	19
1549	20
1550	20
1551	20
1552	19
1553	19
1554	19
1555	19
1556	19
1557	18
1558	18
1559	18
1560	18
1561	18
1562	17
1563	16
1564	15
1565	15
1566	15
1567	14
1568	14
1569	14
1570	14
1571	14
1572	14
1573	14
1574	14
1575	14
1576	14
1577	14
1578	14
1579	13
1580	12
1581	12
1582	12
1583	12
1584	11
1585	11
1586	11
1587	11
1588	11
1589	11
1590	11
1591	10
1592	10
1593	9
1594	9
1595	9
1596	9
1597	9
1598	8
1599	8
1600	8
1601	8
1602	8
1603	8
1604	7
1605	6
1606	6
1607	6
1608	6
1609	6
1610	6
1611	6
1612	6
1613	5
1614	5
1615	5
1616	5
1617	5
1618	5
1619	5
1620	4
1621	4
1622	4
1623	4
1624	4
1625	3
1626	2
1627	2
1628	2
1629	2
1630	2
1631	2
1632	2
1633	2
1634	2
1635	2
1636	1
1637	1
1638	1
1639	0
1640	0
